0.25,0.6
0.65,0.6
0.45446090631268155,0.5151548024452474
0.4550112260735063,0.5135084048492417
0.44759103184463706,0.5178247134856399
0.4357260128235801,0.5209231375907255
0.4640844449094138,0.5260741420970305
0.44609294254703535,0.5243811560233147
0.45289648468270627,0.5297691442486789
0.4542373908019814,0.5308594655310623
0.46904666892784597,0.5265342802077803
0.4396204613266429,0.5459170525495443
0.46108034483684907,0.5362889074142908
0.42922998643946925,0.5467027645237483
0.4541177725581776,0.5451966220893173
0.43683577185741707,0.5278784118157238
0.4417894610238086,0.5457684473622416
0.4302669031239951,0.5144519842982848
0.4487407519787605,0.5185109575870397
0.4361893702920179,0.5410084619922558
0.43590591234568205,0.5275642700636598
0.4351803606442642,0.5335498768733256
0.44332895422676444,0.5307438704275907
0.4418178009039304,0.518023330284419
0.43680432158159355,0.5338549780478038
0.43248543957184377,0.5412236066779618
0.42242746722862295,0.5270228262877854
0.4443628404106115,0.5217942308782503
0.4372903600030453,0.5119669555548935
0.4328506381540963,0.5150567428241187
0.4431058180990711,0.527927556182535
0.43807437361151125,0.5276291034359747
0.43046823358940545,0.5156010901435831
0.40518425262849334,0.51879146981656
0.42016030250455294,0.518144079345162
0.4252680968368169,0.5134747417980319
0.4165834977097072,0.5063467844803825
0.4281608508855837,0.49590874978644184
0.4510637726527504,0.5109288136497767
0.4146000018816893,0.49516397157754233
0.44895107396110717,0.5197701517431502
0.44668727864274593,0.5035380099611799
0.4286521745379384,0.49264031488337995
0.4311057229847178,0.5049038721667418
0.44045926175013567,0.5024542774870018
0.42979758020860515,0.5201592835557776
0.4399115421977369,0.4992587780785785
0.4477432301052782,0.4896019017184305
0.43901033578171234,0.4961957608221568
0.45382382856336634,0.4854577129112104
0.45619450924595123,0.4980140511303228
0.44982756360146925,0.5094075620630413
0.44755275186632504,0.49052435857088067
0.4518252776905946,0.5200093855235767
0.4552539285865859,0.5172366260296035
0.46317330256533307,0.507651927095997
0.4523975893537183,0.516711551343667
0.446757810235535,0.5214979631907637
0.4656296538686668,0.5062097297946425
0.46459182224633566,0.5130334099869315
0.45338151564753854,0.5232548659230621
0.45429037509908665,0.5177027862446252
0.45177401042235676,0.5141339189665668
0.5756482193427161,0.5146896811847015
0.5736396682257354,0.5129950709507316
0.5735437604452864,0.5314280348684033
0.584781723836801,0.5077387362339209
0.5786882612514453,0.5507003710443958
0.5817858076593294,0.5493720721740922
0.5877843275720336,0.5515987346180387
0.5690681911480725,0.5719895699175512
0.5712629773822985,0.5610690854416117
0.5688274968749649,0.5808610528980271
0.5543579986529042,0.5638086013834497
0.5437660327966466,0.5681275416429894
0.5473525994619532,0.5626587430636998
0.5555598037545242,0.5939422662971453
0.5544054979093349,0.6071360020827533
0.551362653167833,0.6015851924061908
0.5418724942236678,0.6055976880330175
0.5510220116902642,0.603627226580268
0.548369969146179,0.6086768548091032
0.5172892665550203,0.6477032603121218
0.5444562083771789,0.6152744272137352
0.5162739131032692,0.6361955962809398
0.5069414923495746,0.6437799019827108
0.5024856130062538,0.636223271978196
0.5113668755262845,0.6451096094102163
0.5110317901222118,0.6314174620448398
0.4948993310310435,0.6588459285116209
0.47538103030862644,0.6447642836345907
0.4821731947614671,0.6501897689864877
0.4779021424552763,0.6504182346233419
0.4716823849127546,0.6466089119977848
0.4607548737785687,0.6207480434993655
0.46182920217200335,0.641922690462712
0.44629810275367704,0.6447010954654033
0.4427088662085919,0.6673666641212602
0.43322230956925467,0.6543067198712125
0.44651197256225383,0.6662385606363215
0.42992662395481784,0.6553183914245401
0.4203884559845604,0.6513734431184646
0.4240659138947117,0.6513872152992327
0.42391826884816447,0.6442815390650252
0.40510083326424723,0.6415037336994232
0.4006881245716577,0.6376170440520673
0.3931502261723855,0.6453003922346442
0.40286256928584446,0.6411205030090528
0.3905004716247906,0.6255498735258719
0.3604681219937507,0.6241363663797792
0.37360968497593694,0.6135457622630085
0.378875026253128,0.6157216472959323
0.3611878084783935,0.6190653644800173
0.3681124646384702,0.6273180166554378
0.34641449462070956,0.6209904755786827
0.33791307138843735,0.614736425506645
0.3562529664457781,0.609407078445764
0.35203151292100077,0.5918578773185439
0.337527617073574,0.605427830786592
0.33600489057575916,0.5843596785313324
0.3385301598225372,0.5884358036476367
0.31483420471746004,0.5940714192309412
0.31875086404374864,0.5843401107038517
0.3234103969101351,0.5816428354055025
0.30112177212374647,0.5664210484967694
0.3263882075904324,0.5548470111657148
0.3259352248565939,0.5537147863429046
0.30744126656138804,0.5471720272843066
0.323872001317649,0.5323395266513663
0.30429174077313426,0.5521497334455532
0.33242510369065464,0.5248745223331676
0.3065307874179751,0.5199387444789189
0.3225667852338312,0.5397040473734864
0.31677282941822216,0.5303788158258427
0.30894352499632916,0.5021645428879743
0.3077966776704526,0.5002259902408569
0.3085211114355273,0.4971764688256265
0.3099827879097078,0.49528985848807494
0.2967562042771471,0.4629865674597769
0.32308551771528354,0.4497850487655725
0.33066318461982025,0.4642711839121246
0.31946963924726135,0.47568501003174596
0.33484573551946595,0.45934462963598754
0.3374799709014068,0.46302839102947213
0.32988803912981535,0.46275656090113315
0.33502067277321623,0.4489854956165389
0.3441412230685824,0.43357090154650196
0.34304357070159675,0.43017983732955817
0.3431014945156349,0.442467430184293
0.3506729192632201,0.41337102841839174
0.3531449189240059,0.42049569317471003
0.3486541198156767,0.42677376135772566
0.3626341418470578,0.415445055592824
0.360914025836845,0.40081404815870897
0.3734102495161159,0.40490631259558274
0.3861812408044258,0.39481531415603754
0.37887945407200097,0.3991056426618147
0.40929384581439354,0.41040970601337684
0.3866022381420363,0.419789861813063
0.39276356453819317,0.3977534437493273
0.4075662097051274,0.4250938663921223
0.3942397898371109,0.41507273379809684
0.42768072004762914,0.40399863862402763
0.4421822335135774,0.38514794896846083
0.42083374130764906,0.3965461724356085
0.4230710469234873,0.4016567132972726
0.4565059282120733,0.3968693642208653
0.44664492129076705,0.3908276119206068
0.45239200883418546,0.3965422091856045
0.4570218239279654,0.3773295499389414
0.46887699603940314,0.394073521237963
0.48215793538393886,0.3851448645598704
0.487830953584638,0.3979348291018525
0.4751239972786283,0.4069355591966565
0.4720201329965817,0.38975045904714123
0.4884406074564225,0.38909284641647524
0.4944283887558494,0.3971916608642809
0.49294116258083875,0.4109759746761937
0.5052763223293486,0.40798997480671395
0.5206879642210047,0.4204082076278949
0.5125138252711297,0.40581460150944476
0.5216530104255199,0.4135222764880762
0.5374833296426769,0.408696280213498
0.5445457548977225,0.41711565476232493
0.5315112754087501,0.42217130818399595
0.5612790916186498,0.4430783509247417
0.5378466551442561,0.44514415273427443
0.553448637921153,0.4399037499107317
0.5609603582438398,0.4480262789467242
0.5487950164245252,0.45642586335833363
0.564118385259293,0.4477080143024783
0.5603917677568877,0.4559520517919433
0.5545982764399622,0.47657612801649685
0.5533463377152581,0.46638787455838315
0.5728705996840515,0.4804641991954265
0.5918146007439409,0.4805600831179341
0.5594158710330889,0.4920005858326855
0.5791756474565212,0.48689461853520993
0.5672338394172661,0.5067649250976819
0.5773331512826148,0.5170981951615818
0.5978056463252581,0.5072308446046865
0.5950839183693629,0.5119805491885354
0.7817826288616304,0.5137968388121955
0.778527058635538,0.5204362334457384
0.7873155341859497,0.5791816527366862
0.7883338615361164,0.578229499670497
0.7696134269941043,0.5895106963177902
0.7449721946623712,0.612855272546596
0.7615100395634615,0.6433881727806509
0.7514260931967975,0.6701699929531529
0.7296827451921918,0.6770119269762721
0.7058284201337279,0.7122697321458256
0.7111768740629885,0.7201631226335565
0.6904524039858682,0.7455848542035395
0.6908380670570539,0.7459503979899763
0.6586623974452552,0.7781838140159978
0.6444210396332581,0.7611862369588057
0.6206971623397819,0.7894708566614568
0.6049026222142654,0.8068711342750856
0.60758862125954,0.8078515530878351
0.5732486128232598,0.8074543463426785
0.5597638047803986,0.8250771882550413
0.5536432499434063,0.8279827346449693
0.5269018817541234,0.8425791813028118
0.5051355852283779,0.8630369896271791
0.45724545393572263,0.8489874568481734
0.4685258437754093,0.8596154900499062
0.42359205564972746,0.8604056612300266
0.4146212152966732,0.8425966743652256
0.3998639517701565,0.8440647437028099
0.3571257841076874,0.8464302867744596
0.34907254517528585,0.8267315031577664
0.307119373298975,0.8330140113296142
0.30230901720487124,0.8217520985457011
0.2834668816941828,0.8144602569345328
0.2820661040385512,0.797965095895345
0.24806015224988728,0.7828258284969338
0.22596056097787967,0.7716847279282621
0.2142339701295172,0.7526203042859946
0.18702595942878192,0.7545673740948728
0.17997105048143852,0.752150866605425
0.1813595004758754,0.7237807048411906
0.14895826059112455,0.703244068957565
0.14982428928735353,0.6753226234231187
0.13926970755304163,0.6458639466036252
0.14062940148830533,0.6258592271312835
0.11943158476185478,0.617278156566389
0.13517834499709658,0.5958443693536678
0.12171539884097471,0.5700258565298713
0.10381623899197845,0.550705129120479
0.12501312035601136,0.5338395036957552
0.09677608537960108,0.517748956916585
0.11975078562273134,0.48484374360875404
0.11090839827415311,0.4702575647530476
0.12264659823900537,0.4777220856835217
0.11915720894605963,0.44833913687857857
0.12946004032573866,0.41359387594674624
0.12426987296293657,0.38439014618895384
0.14812182410311586,0.35907895621330643
0.16921604864106388,0.3687830940360942
0.15055311819899697,0.32465049666801826
0.18274071156340826,0.3052358028576906
0.1955193647016502,0.30120203540374224
0.19487235281316184,0.27782357104739397
0.2116072250701906,0.26532651009045355
0.23486286902411802,0.26388092344977704
0.26130889756762055,0.23965288701816695
0.2630436574549447,0.23044875697701656
0.2983830249043678,0.22254211206475732
0.2966645247996268,0.20867530025557895
0.33561498427274833,0.20609130201847276
0.35565024727787503,0.1939333739455204
0.35512026055810036,0.16976286134972596
0.3963813630947074,0.1906623251270586
0.3914048604638882,0.17904031002686482
0.42087894612111654,0.17054645030792248
0.4509512724021807,0.18951325553772325
0.47229574333675606,0.20186809201749706
0.49342928854223267,0.18204170541507203
0.5026000510662795,0.1632061221658686
0.531134784284576,0.19856758820810655
0.5546047520350951,0.19298381774011125
0.6017156770406453,0.20564559486381634
0.5827905769957417,0.23432677059188717
0.5986763356032476,0.22332302902775242
0.6252071229222207,0.2465037680348085
0.6335037529683032,0.2674309796418223
0.6626507514042166,0.2675050608037943
0.6750041336653736,0.2763506061959685
0.6968012303401203,0.30608256663604494
0.7001782146509719,0.3002353953462591
0.7355989859479065,0.35726743152762186
0.7197342956087707,0.36457697108616677
0.7486571241291943,0.3456291584363399
0.7444559082082362,0.39311910303778946
0.743893667550382,0.40871041705200495
0.7536344104557579,0.4181151716216841
0.7755114314159235,0.4590414153736047
0.7657658372391574,0.48806357088829705
0.787451639659636,0.500661455887126
0.7760601855322942,0.5250473085061973
